9407216
8505154
3886010
9407216
8376288
3497409
9278350
8376288
3906249
9407216
8376288
3886010
9407216
8376288
3886010
9407216
8505154
4015544
9407216
8505154
4015544
9278350
8505154
3645833
9407216
8505154
4166666
9407216
8505154
3756476
9407216
8505154
2994791
9407216
8505154
2864583
9407216
8376288
2979274
9407216
8376288
2979274
9407216
8376288
2994791
9358974
8505154
2994791
9358974
8505154
2864583
9407216
8461538
2849740
9536082
8505154
2864583
9487179
8505154
2864583
9536082
2473958
2994791
9536082
2994791
2994791
9536082
2864583
2979274
9487179
2864583
2979274
9487179
3124999
2849740
9536082
2994791
2864583
9487179
3108808
2864583
9536082
3255208
2979274
9536082
2994791
2994791
9536082
2994791
3238341
9536082
2734374
2720207
9487179
2864583
2734374
9536082
2604166
2864583
9536082
2979274
2864583
9536082
2864583
2979274
9536082
2734374
2994791
9536082
2604166
2849740
9536082
2734374
2864583
9536082
2734374
2864583
9536082
2734374
2720207
8846153
2461139
3108808
5884808
2734374
2979274
8846153
2343749
2849740
8891752
2473958
3108808
8891752
2473958
3124999
8846153
2343749
2979274
8846153
2461139
2979274
8891752
2473958
2979274
8846153
2473958
3124999
8846153
2604166
2994791
